﻿Date,Weight,1-Day Delta,Delta Since 1/1/2019,Body Fat,Walk+Run Distance,Activity - Move,Exercise,Stand,Energy - Resting,Energy - Active,Steps,Sleep,Calories,Protein (g),Carbohydrates (g),Fiber (g),Sugar (g),Fat (g),Saturated Fat (g),Polyunstaurated Fat (g),Monosaturated Fat (g),Trans Fat (g),Cholesterol (mg),Sodium (mg),Potassium (mg),Vitamin A (% USRDA),Vitamin C (% USRDA),Calcium (% USRDA),Iron (% USRDA)
1/1/2019,291.0,0.0,0.0,45.3%,2.7,509,0,11,2664,563,5983,10.10,1502,99,93,14,51,76,18,4,7,0,162,1849,1050,54%,66%,84%,20%
1/2/2019,289.9,-1.1,-1.1,47.9%,2.1,574,18,10,2675,574,4789,9.37,1639,71,197,19,103,52,26,7,15,0,188,1771,2089,86%,35%,125%,73%
1/3/2019,289.6,-0.3,-1.4,45.9%,3.0,730,32,13,2765,730,6938,7.83,1830,122,178,22,88,49,15,7,9,0,284,1905,960,36%,263%,88%,48%
1/4/2019,288.2,-1.4,-2.8,46.2%,4.5,355,8,7,2506,479,9892,8.02,1501,79,103,11,34,82,24,4,19,0,244,3229,1151,26%,58%,37%,21%
1/5/2019,286.2,-2.0,-4.8,49.5%,2.3,491,8,9,2681,544,5287,11.72,1838,97,192,30,63,86,42,0,0,0,270,3930,0,46%,75%,196%,34%
1/6/2019,285.9,-0.3,-5.1,,1.4,450,3,9,2710,478,3175,11.17,1338,88,192,20,68,46,17,9,4,0,251,3878,1395,111%,93%,98%,46%
1/7/2019,285.7,-0.2,-5.3,46.3%,2.2,473,6,11,2655,517,4793,10.88,1380,71,120,10,32,59,20,16,13,0,182,4332,1129,84%,79%,51%,34%
1/8/2019,286.4,0.7,-4.6,44.3%,2.5,594,4,14,2807,629,5486,7.53,2189,98,268,25,77,86,25,19,17,0,346,5632,1218,92%,79%,101%,58%
1/9/2019,285.1,-1.3,-5.9,47.3%,4.2,576,7,11,2719,9609,9609,10.62,1949,77,201,28,80,72,25,12,16,0,324,6457,1751,164%,157%,116%,58%
1/10/2019,285.6,0.5,-5.4,48.0%,2.9,548,11,11,2691,596,6417,7.65,1653,63,239,17,70,37,18,2,2,0,127,3719,468,24%,0%,114%,43%
1/11/2019,285.5,-0.1,5.5,48.4%,1.6,486,7,10,2538,486,3749,10.30,1541,94,239,27,75,52,16,3,3,0,331,2844,1054,15%,7%,69%,40%
1/12/2019,286.9,1.4,4.1,47.6%,1.6,,,,,,4425,11.02,3601,80,236,17,93,162,46,8,12,0,311,3991,405,0%,0%,20%,8%
1/13/2019,288.3,1.4,2.7,41.1%,1.8,307,0,8,2503,344,4113,8.47,1467,73,162,12,67,57,28,2,9,0,260,2851,717,48%,54%,90%,23%
1/14/2019,287.3,-1.0,3.7,43.2%,1.0,343,0,9,2612,365,2491,9.63,1234,96,127,18,38,48,20,1,0,0,370,3412,417,50%,44%,74%,31%